VARIABLES
["S","E","A","I","R"]

PARAMETERS
["mu"]

TASK
"reachability"

DATA
FLOWPIPE
1 0 0 0 0 <= 0.56
0 1 0 0 0 <= 0.419
0 0 1 0 0 <= 0.019
0 0 0 1 0 <= 0.011
0 0 0 0 1 <= 0.011
-1 -0 -0 -0 -0 <= -0.54
-0 -1 -0 -0 -0 <= -0.41
-0 -0 -1 -0 -0 <= -0.01
-0 -0 -0 -1 -0 <= -0.01
-0 -0 -0 -0 -1 <= -0.01
--------------------
1 0 0 0 0 <= 0.559975
0 1 0 0 0 <= 0.209539
0 0 1 0 0 <= 0.223046
0 0 0 1 0 <= 0.0138426
0 0 0 0 1 <= 0.014918
-1 -0 -0 -0 -0 <= -0.539962
-0 -1 -0 -0 -0 <= -0.205024
-0 -0 -1 -0 -0 <= -0.211694
-0 -0 -0 -1 -0 <= -0.010694
-0 -0 -0 -0 -1 <= -0.0117408
--------------------
1 0 0 0 0 <= 0.559666
0 1 0 0 0 <= 0.105097
0 0 1 0 0 <= 0.263793
0 0 0 1 0 <= 0.057247
0 0 0 0 1 <= 0.0458557
-1 -0 -0 -0 -0 <= -0.539646
-0 -1 -0 -0 -0 <= -0.102809
-0 -0 -1 -0 -0 <= -0.24422
-0 -0 -0 -1 -0 <= -0.0516362
-0 -0 -0 -0 -1 <= -0.0310975
--------------------
1 0 0 0 0 <= 0.559267
0 1 0 0 0 <= 0.0529818
0 0 1 0 0 <= 0.240622
0 0 0 1 0 <= 0.105023
0 0 0 0 1 <= 0.0877834
-1 -0 -0 -0 -0 <= -0.539229
-0 -1 -0 -0 -0 <= -0.0517899
-0 -0 -1 -0 -0 <= -0.214886
-0 -0 -0 -1 -0 <= -0.0937365
-0 -0 -0 -0 -1 <= -0.0568488
--------------------
1 0 0 0 0 <= 0.558862
0 1 0 0 0 <= 0.0269448
0 0 1 0 0 <= 0.198045
0 0 0 1 0 <= 0.144006
0 0 0 0 1 <= 0.132925
-1 -0 -0 -0 -0 <= -0.538791
-0 -1 -0 -0 -0 <= -0.0262857
-0 -0 -1 -0 -0 <= -0.169739
-0 -0 -0 -1 -0 <= -0.124472
-0 -0 -0 -0 -1 <= -0.0837113
--------------------
1 0 0 0 0 <= 0.558485
0 1 0 0 0 <= 0.0139101
0 0 1 0 0 <= 0.15467
0 0 0 1 0 <= 0.171081
0 0 0 0 1 <= 0.177596
-1 -0 -0 -0 -0 <= -0.538369
-0 -1 -0 -0 -0 <= -0.0135056
-0 -0 -1 -0 -0 <= -0.126766
-0 -0 -0 -1 -0 <= -0.142164
-0 -0 -0 -0 -1 <= -0.109319
--------------------
1 0 0 0 0 <= 0.55815
0 1 0 0 0 <= 0.00736207
0 0 1 0 0 <= 0.117229
0 0 0 1 0 <= 0.187124
0 0 0 0 1 <= 0.22014
-1 -0 -0 -0 -0 <= -0.537977
-0 -1 -0 -0 -0 <= -0.00707651
-0 -0 -1 -0 -0 <= -0.0916103
-0 -0 -0 -1 -0 <= -0.14895
-0 -0 -0 -0 -1 <= -0.132727
--------------------
1 0 0 0 0 <= 0.557856
0 1 0 0 0 <= 0.0040535
0 0 1 0 0 <= 0.0872605
0 0 0 1 0 <= 0.194282
0 0 0 0 1 <= 0.259888
-1 -0 -0 -0 -0 <= -0.537618
-0 -1 -0 -0 -0 <= -0.00382173
-0 -0 -1 -0 -0 <= -0.0648622
-0 -0 -0 -1 -0 <= -0.147819
-0 -0 -0 -0 -1 <= -0.153665
--------------------
1 0 0 0 0 <= 0.5576
0 1 0 0 0 <= 0.00236521
0 0 1 0 0 <= 0.06424
0 0 0 1 0 <= 0.194824
0 0 0 0 1 <= 0.296658
-1 -0 -0 -0 -0 <= -0.537292
-0 -1 -0 -0 -0 <= -0.00215698
-0 -0 -1 -0 -0 <= -0.0453296
-0 -0 -0 -1 -0 <= -0.141487
-0 -0 -0 -0 -1 <= -0.172177
--------------------
1 0 0 0 0 <= 0.557379
0 1 0 0 0 <= 0.00148942
0 0 1 0 0 <= 0.0469832
0 0 0 1 0 <= 0.190715
0 0 0 0 1 <= 0.330491
-1 -0 -0 -0 -0 <= -0.536996
-0 -1 -0 -0 -0 <= -0.00129142
-0 -0 -1 -0 -0 <= -0.0314221
-0 -0 -0 -1 -0 <= -0.132074
-0 -0 -0 -0 -1 <= -0.188438
--------------------
1 0 0 0 0 <= 0.557188
0 1 0 0 0 <= 0.00102278
0 0 1 0 0 <= 0.0342418
0 0 0 1 0 <= 0.183511
0 0 0 0 1 <= 0.361535
-1 -0 -0 -0 -0 <= -0.536728
-0 -1 -0 -0 -0 <= -0.00082974
-0 -0 -1 -0 -0 <= -0.0216797
-0 -0 -0 -1 -0 <= -0.12111
-0 -0 -0 -0 -1 <= -0.202668
--------------------
1 0 0 0 0 <= 0.557023
0 1 0 0 0 <= 0.000763589
0 0 1 0 0 <= 0.0249244
0 0 0 1 0 <= 0.174387
0 0 0 0 1 <= 0.389973
-1 -0 -0 -0 -0 <= -0.536485
-0 -1 -0 -0 -0 <= -0.000573966
-0 -0 -1 -0 -0 <= -0.0149272
-0 -0 -0 -1 -0 <= -0.109629
-0 -0 -0 -0 -1 <= -0.215097
--------------------
1 0 0 0 0 <= 0.55688
0 1 0 0 0 <= 0.000610778
0 0 1 0 0 <= 0.0181519
0 0 0 1 0 <= 0.164193
0 0 0 0 1 <= 0.416003
-1 -0 -0 -0 -0 <= -0.536265
-0 -1 -0 -0 -0 <= -0.000424632
-0 -0 -1 -0 -0 <= -0.0102793
-0 -0 -0 -1 -0 <= -0.0982968
-0 -0 -0 -0 -1 <= -0.225938
--------------------
1 0 0 0 0 <= 0.556756
0 1 0 0 0 <= 0.000513532
0 0 1 0 0 <= 0.013247
0 0 0 1 0 <= 0.153532
0 0 0 0 1 <= 0.439818
-1 -0 -0 -0 -0 <= -0.536064
-0 -1 -0 -0 -0 <= -0.000331523
-0 -0 -1 -0 -0 <= -0.00709327
-0 -0 -0 -1 -0 <= -0.0875151
-0 -0 -0 -0 -1 <= -0.235389
--------------------
1 0 0 0 0 <= 0.556649
0 1 0 0 0 <= 0.000446165
0 0 1 0 0 <= 0.00970134
0 0 0 1 0 <= 0.142818
0 0 0 0 1 <= 0.461599
-1 -0 -0 -0 -0 <= -0.535882
-0 -1 -0 -0 -0 <= -0.000269095
-0 -0 -1 -0 -0 <= -0.004914
-0 -0 -0 -1 -0 <= -0.0775043
-0 -0 -0 -0 -1 <= -0.243623
--------------------
1 0 0 0 0 <= 0.556556
0 1 0 0 0 <= 0.000395582
0 0 1 0 0 <= 0.00713975
0 0 0 1 0 <= 0.132328
0 0 0 0 1 <= 0.481518
-1 -0 -0 -0 -0 <= -0.535716
-0 -1 -0 -0 -0 <= -0.000224197
-0 -0 -1 -0 -0 <= -0.00342398
-0 -0 -0 -1 -0 <= -0.068365
-0 -0 -0 -0 -1 <= -0.250797
--------------------
1 0 0 0 0 <= 0.556475
0 1 0 0 0 <= 0.000355021
0 0 1 0 0 <= 0.00528815
0 0 0 1 0 <= 0.122238
0 0 0 0 1 <= 0.499732
-1 -0 -0 -0 -0 <= -0.535564
-0 -1 -0 -0 -0 <= -0.000189933
-0 -0 -1 -0 -0 <= -0.00240411
-0 -0 -0 -1 -0 <= -0.0601213
-0 -0 -0 -0 -1 <= -0.257046
--------------------
1 0 0 0 0 <= 0.556405
0 1 0 0 0 <= 0.000320912
0 0 1 0 0 <= 0.00394775
0 0 0 1 0 <= 0.112656
0 0 0 0 1 <= 0.516387
-1 -0 -0 -0 -0 <= -0.535426
-0 -1 -0 -0 -0 <= -0.000162583
-0 -0 -1 -0 -0 <= -0.00170428
-0 -0 -0 -1 -0 <= -0.0527503
-0 -0 -0 -0 -1 <= -0.262488
--------------------
1 0 0 0 0 <= 0.556344
0 1 0 0 0 <= 0.000291312
0 0 1 0 0 <= 0.00297504
0 0 0 1 0 <= 0.10364
0 0 0 0 1 <= 0.531616
-1 -0 -0 -0 -0 <= -0.5353
-0 -1 -0 -0 -0 <= -0.000140061
-0 -0 -1 -0 -0 <= -0.00122213
-0 -0 -0 -1 -0 <= -0.046202
-0 -0 -0 -0 -1 <= -0.267228
--------------------
1 0 0 0 0 <= 0.556291
0 1 0 0 0 <= 0.000265112
0 0 1 0 0 <= 0.00226674
0 0 0 1 0 <= 0.095214
0 0 0 0 1 <= 0.54554
-1 -0 -0 -0 -0 <= -0.535186
-0 -1 -0 -0 -0 <= -0.00012113
-0 -0 -1 -0 -0 <= -0.000888127
-0 -0 -0 -1 -0 <= -0.0404124
-0 -0 -0 -0 -1 <= -0.271355
--------------------
1 0 0 0 0 <= 0.556244
0 1 0 0 0 <= 0.000241642
0 0 1 0 0 <= 0.00174865
0 0 0 1 0 <= 0.0873799
0 0 0 0 1 <= 0.558271
-1 -0 -0 -0 -0 <= -0.535081
-0 -1 -0 -0 -0 <= -0.000105009
-0 -0 -1 -0 -0 <= -0.000655077
-0 -0 -0 -1 -0 <= -0.0353122
-0 -0 -0 -0 -1 <= -0.27495
--------------------
1 0 0 0 0 <= 0.556204
0 1 0 0 0 <= 0.000220462
0 0 1 0 0 <= 0.00136754
0 0 0 1 0 <= 0.0801241
0 0 0 0 1 <= 0.569911
-1 -0 -0 -0 -0 <= -0.534985
-0 -1 -0 -0 -0 <= -9.11708e-05
-0 -0 -1 -0 -0 <= -0.000491013
-0 -0 -0 -1 -0 <= -0.0308314
-0 -0 -0 -0 -1 <= -0.278081
--------------------
1 0 0 0 0 <= 0.556169
0 1 0 0 0 <= 0.000201263
0 0 1 0 0 <= 0.00108523
0 0 0 1 0 <= 0.0734236
0 0 0 0 1 <= 0.580554
-1 -0 -0 -0 -0 <= -0.534897
-0 -1 -0 -0 -0 <= -7.92308e-05
-0 -0 -1 -0 -0 <= -0.00037427
-0 -0 -0 -1 -0 <= -0.0269031
-0 -0 -0 -0 -1 <= -0.280807
--------------------
1 0 0 0 0 <= 0.556139
0 1 0 0 0 <= 0.000183812
0 0 1 0 0 <= 0.000874359
0 0 0 1 0 <= 0.0672498
0 0 0 0 1 <= 0.590284
-1 -0 -0 -0 -0 <= -0.534817
-0 -1 -0 -0 -0 <= -6.88966e-05
-0 -0 -1 -0 -0 <= -0.000290151
-0 -0 -0 -1 -0 <= -0.0234644
-0 -0 -0 -0 -1 <= -0.283181
--------------------
1 0 0 0 0 <= 0.556112
0 1 0 0 0 <= 0.000167922
0 0 1 0 0 <= 0.000715289
0 0 0 1 0 <= 0.0615713
0 0 0 0 1 <= 0.599181
-1 -0 -0 -0 -0 <= -0.534744
-0 -1 -0 -0 -0 <= -5.99345e-05
-0 -0 -1 -0 -0 <= -0.000228676
-0 -0 -0 -1 -0 <= -0.020458
-0 -0 -0 -0 -1 <= -0.285249
--------------------
1 0 0 0 0 <= 0.556089
0 1 0 0 0 <= 0.000153437
0 0 1 0 0 <= 0.000593934
0 0 0 1 0 <= 0.0563552
0 0 0 0 1 <= 0.607316
-1 -0 -0 -0 -0 <= -0.534677
-0 -1 -0 -0 -0 <= -5.21525e-05
-0 -0 -1 -0 -0 <= -0.000183043
-0 -0 -0 -1 -0 <= -0.0178319
-0 -0 -0 -0 -1 <= -0.287049
--------------------
1 0 0 0 0 <= 0.556069
0 1 0 0 0 <= 0.000140221
0 0 1 0 0 <= 0.000500169
0 0 0 1 0 <= 0.0515688
0 0 0 0 1 <= 0.614754
-1 -0 -0 -0 -0 <= -0.534616
-0 -1 -0 -0 -0 <= -4.53895e-05
-0 -0 -1 -0 -0 <= -0.000148605
-0 -0 -0 -1 -0 <= -0.0155396
-0 -0 -0 -0 -1 <= -0.288617
--------------------
1 0 0 0 0 <= 0.556052
0 1 0 0 0 <= 0.000128158
0 0 1 0 0 <= 0.000426711
0 0 0 1 0 <= 0.0471803
0 0 0 0 1 <= 0.621554
-1 -0 -0 -0 -0 <= -0.53456
-0 -1 -0 -0 -0 <= -3.95089e-05
-0 -0 -1 -0 -0 <= -0.000122171
-0 -0 -0 -1 -0 <= -0.0135399
-0 -0 -0 -0 -1 <= -0.289983
--------------------
1 0 0 0 0 <= 0.556036
0 1 0 0 0 <= 0.000117141
0 0 1 0 0 <= 0.000368307
0 0 0 1 0 <= 0.0431591
0 0 0 0 1 <= 0.627771
-1 -0 -0 -0 -0 <= -0.534509
-0 -1 -0 -0 -0 <= -3.43935e-05
-0 -0 -1 -0 -0 <= -0.000101536
-0 -0 -0 -1 -0 <= -0.011796
-0 -0 -0 -0 -1 <= -0.291172
--------------------
1 0 0 0 0 <= 0.556023
0 1 0 0 0 <= 0.000107079
0 0 1 0 0 <= 0.000321159
0 0 0 1 0 <= 0.0394762
0 0 0 0 1 <= 0.633456
-1 -0 -0 -0 -0 <= -0.534463
-0 -1 -0 -0 -0 <= -2.99426e-05
-0 -0 -1 -0 -0 <= -8.51647e-05
-0 -0 -0 -1 -0 <= -0.0102758
-0 -0 -0 -0 -1 <= -0.292208
--------------------
1 0 0 0 0 <= 0.556012
0 1 0 0 0 <= 9.78851e-05
0 0 1 0 0 <= 0.000282513
0 0 0 1 0 <= 0.0361044
0 0 0 0 1 <= 0.638654
-1 -0 -0 -0 -0 <= -0.53442
-0 -1 -0 -0 -0 <= -2.60691e-05
-0 -0 -1 -0 -0 <= -7.19806e-05
-0 -0 -0 -1 -0 <= -0.00895078
-0 -0 -0 -0 -1 <= -0.293109
--------------------
1 0 0 0 0 <= 0.556001
0 1 0 0 0 <= 8.94842e-05
0 0 1 0 0 <= 0.000250363
0 0 0 1 0 <= 0.0330184
0 0 0 0 1 <= 0.643406
-1 -0 -0 -0 -0 <= -0.534381
-0 -1 -0 -0 -0 <= -2.26977e-05
-0 -0 -1 -0 -0 <= -6.12183e-05
-0 -0 -0 -1 -0 <= -0.0077962
-0 -0 -0 -0 -1 <= -0.293895
--------------------
1 0 0 0 0 <= 0.555993
0 1 0 0 0 <= 8.18066e-05
0 0 1 0 0 <= 0.000223241
0 0 0 1 0 <= 0.0301945
0 0 0 0 1 <= 0.647751
-1 -0 -0 -0 -0 <= -0.534346
-0 -1 -0 -0 -0 <= -1.97629e-05
-0 -0 -1 -0 -0 <= -5.23284e-05
-0 -0 -0 -1 -0 <= -0.00679026
-0 -0 -0 -0 -1 <= -0.294579
--------------------
1 0 0 0 0 <= 0.555985
0 1 0 0 0 <= 7.47895e-05
0 0 1 0 0 <= 0.000200065
0 0 0 1 0 <= 0.027611
0 0 0 0 1 <= 0.651723
-1 -0 -0 -0 -0 <= -0.534313
-0 -1 -0 -0 -0 <= -1.72081e-05
-0 -0 -1 -0 -0 <= -4.49101e-05
-0 -0 -0 -1 -0 <= -0.00591392
-0 -0 -0 -0 -1 <= -0.295174
--------------------
1 0 0 0 0 <= 0.555978
0 1 0 0 0 <= 6.83755e-05
0 0 1 0 0 <= 0.000180033
0 0 0 1 0 <= 0.0252478
0 0 0 0 1 <= 0.655355
-1 -0 -0 -0 -0 <= -0.534283
-0 -1 -0 -0 -0 <= -1.49838e-05
-0 -0 -1 -0 -0 <= -3.86668e-05
-0 -0 -0 -1 -0 <= -0.00515054
-0 -0 -0 -0 -1 <= -0.295693
--------------------
1 0 0 0 0 <= 0.555973
0 1 0 0 0 <= 6.25124e-05
0 0 1 0 0 <= 0.000162544
0 0 0 1 0 <= 0.0230862
0 0 0 0 1 <= 0.658676
-1 -0 -0 -0 -0 <= -0.534256
-0 -1 -0 -0 -0 <= -1.30472e-05
-0 -0 -1 -0 -0 <= -3.33755e-05
-0 -0 -0 -1 -0 <= -0.00448562
-0 -0 -0 -0 -1 <= -0.296145
--------------------
1 0 0 0 0 <= 0.555968
0 1 0 0 0 <= 5.71528e-05
0 0 1 0 0 <= 0.000147144
0 0 0 1 0 <= 0.0211093
0 0 0 0 1 <= 0.661712
-1 -0 -0 -0 -0 <= -0.534231
-0 -1 -0 -0 -0 <= -1.13611e-05
-0 -0 -1 -0 -0 <= -2.88652e-05
-0 -0 -0 -1 -0 <= -0.00390647
-0 -0 -0 -0 -1 <= -0.296538
--------------------
1 0 0 0 0 <= 0.555963
0 1 0 0 0 <= 5.22531e-05
0 0 1 0 0 <= 0.000133484
0 0 0 1 0 <= 0.0193014
0 0 0 0 1 <= 0.664489
-1 -0 -0 -0 -0 <= -0.534208
-0 -1 -0 -0 -0 <= -9.89303e-06
-0 -0 -1 -0 -0 <= -2.50029e-05
-0 -0 -0 -1 -0 <= -0.00340206
-0 -0 -0 -0 -1 <= -0.296881
--------------------
1 0 0 0 0 <= 0.555959
0 1 0 0 0 <= 4.77738e-05
0 0 1 0 0 <= 0.000121295
0 0 0 1 0 <= 0.0176481
0 0 0 0 1 <= 0.667027
-1 -0 -0 -0 -0 <= -0.534188
-0 -1 -0 -0 -0 <= -8.61472e-06
-0 -0 -1 -0 -0 <= -2.16835e-05
-0 -0 -0 -1 -0 <= -0.00296275
-0 -0 -0 -0 -1 <= -0.297179
--------------------
1 0 0 0 0 <= 0.555956
0 1 0 0 0 <= 4.36787e-05
0 0 1 0 0 <= 0.000110366
0 0 0 1 0 <= 0.0161363
0 0 0 0 1 <= 0.669347
-1 -0 -0 -0 -0 <= -0.534169
-0 -1 -0 -0 -0 <= -7.50165e-06
-0 -0 -1 -0 -0 <= -1.88223e-05
-0 -0 -0 -1 -0 <= -0.00258015
-0 -0 -0 -0 -1 <= -0.297439
--------------------
1 0 0 0 0 <= 0.555953
0 1 0 0 0 <= 3.99349e-05
0 0 1 0 0 <= 0.000100526
0 0 0 1 0 <= 0.0147538
0 0 0 0 1 <= 0.671469
-1 -0 -0 -0 -0 <= -0.534151
-0 -1 -0 -0 -0 <= -6.53243e-06
-0 -0 -1 -0 -0 <= -1.63505e-05
-0 -0 -0 -1 -0 <= -0.00224695
-0 -0 -0 -0 -1 <= -0.297665
--------------------
1 0 0 0 0 <= 0.555951
0 1 0 0 0 <= 3.6512e-05
0 0 1 0 0 <= 9.16382e-05
0 0 0 1 0 <= 0.0134898
0 0 0 0 1 <= 0.673409
-1 -0 -0 -0 -0 <= -0.534135
-0 -1 -0 -0 -0 <= -5.68847e-06
-0 -0 -1 -0 -0 <= -1.42112e-05
-0 -0 -0 -1 -0 <= -0.00195677
-0 -0 -0 -0 -1 <= -0.297862
--------------------
1 0 0 0 0 <= 0.555948
0 1 0 0 0 <= 3.33827e-05
0 0 1 0 0 <= 8.35904e-05
0 0 0 1 0 <= 0.0123339
0 0 0 0 1 <= 0.675183
-1 -0 -0 -0 -0 <= -0.534121
-0 -1 -0 -0 -0 <= -4.95357e-06
-0 -0 -1 -0 -0 <= -1.23572e-05
-0 -0 -0 -1 -0 <= -0.00170406
-0 -0 -0 -0 -1 <= -0.298033
--------------------
1 0 0 0 0 <= 0.555947
0 1 0 0 0 <= 3.05216e-05
0 0 1 0 0 <= 7.62879e-05
0 0 0 1 0 <= 0.0112771
0 0 0 0 1 <= 0.676805
-1 -0 -0 -0 -0 <= -0.534107
-0 -1 -0 -0 -0 <= -4.31363e-06
-0 -0 -1 -0 -0 <= -1.07487e-05
-0 -0 -0 -1 -0 <= -0.00148398
-0 -0 -0 -0 -1 <= -0.298183
--------------------
1 0 0 0 0 <= 0.555945
0 1 0 0 0 <= 2.79058e-05
0 0 1 0 0 <= 6.9651e-05
0 0 0 1 0 <= 0.0103108
0 0 0 0 1 <= 0.678287
-1 -0 -0 -0 -0 <= -0.534095
-0 -1 -0 -0 -0 <= -3.75637e-06
-0 -0 -1 -0 -0 <= -9.352e-06
-0 -0 -0 -1 -0 <= -0.00129232
-0 -0 -0 -0 -1 <= -0.298313
--------------------
1 0 0 0 0 <= 0.555943
0 1 0 0 0 <= 2.55142e-05
0 0 1 0 0 <= 6.36113e-05
0 0 0 1 0 <= 0.00942729
0 0 0 0 1 <= 0.679643
-1 -0 -0 -0 -0 <= -0.534084
-0 -1 -0 -0 -0 <= -3.27112e-06
-0 -0 -1 -0 -0 <= -8.13841e-06
-0 -0 -0 -1 -0 <= -0.00112541
-0 -0 -0 -0 -1 <= -0.298426
--------------------
1 0 0 0 0 <= 0.555942
0 1 0 0 0 <= 2.33276e-05
0 0 1 0 0 <= 5.81094e-05
0 0 0 1 0 <= 0.00861946
0 0 0 0 1 <= 0.680883
-1 -0 -0 -0 -0 <= -0.534074
-0 -1 -0 -0 -0 <= -2.84855e-06
-0 -0 -1 -0 -0 <= -7.08341e-06
-0 -0 -0 -1 -0 <= -0.000980061
-0 -0 -0 -0 -1 <= -0.298525
--------------------
1 0 0 0 0 <= 0.555941
0 1 0 0 0 <= 2.13284e-05
0 0 1 0 0 <= 5.30935e-05
0 0 0 1 0 <= 0.00788084
0 0 0 0 1 <= 0.682016
-1 -0 -0 -0 -0 <= -0.534065
-0 -1 -0 -0 -0 <= -2.48059e-06
-0 -0 -1 -0 -0 <= -6.16591e-06
-0 -0 -0 -1 -0 <= -0.000853482
-0 -0 -0 -0 -1 <= -0.298611
--------------------
1 0 0 0 0 <= 0.55594
0 1 0 0 0 <= 1.95006e-05
0 0 1 0 0 <= 4.85177e-05
0 0 0 1 0 <= 0.00720551
0 0 0 0 1 <= 0.683052
-1 -0 -0 -0 -0 <= -0.534056
-0 -1 -0 -0 -0 <= -2.16015e-06
-0 -0 -1 -0 -0 <= -5.36775e-06
-0 -0 -0 -1 -0 <= -0.000743251
-0 -0 -0 -0 -1 <= -0.298686
--------------------
1 0 0 0 0 <= 0.555939
0 1 0 0 0 <= 1.78294e-05
0 0 1 0 0 <= 4.43415e-05
0 0 0 1 0 <= 0.00658805
0 0 0 0 1 <= 0.683999
-1 -0 -0 -0 -0 <= -0.534048
-0 -1 -0 -0 -0 <= -1.88112e-06
-0 -0 -1 -0 -0 <= -4.67325e-06
-0 -0 -0 -1 -0 <= -0.000647256
-0 -0 -0 -0 -1 <= -0.298751
--------------------
1 0 0 0 0 <= 0.555939
0 1 0 0 0 <= 1.63014e-05
0 0 1 0 0 <= 4.05284e-05
0 0 0 1 0 <= 0.00602349
0 0 0 0 1 <= 0.684866
-1 -0 -0 -0 -0 <= -0.534041
-0 -1 -0 -0 -0 <= -1.63813e-06
-0 -0 -1 -0 -0 <= -4.06883e-06
-0 -0 -0 -1 -0 <= -0.000563659
-0 -0 -0 -0 -1 <= -0.298807
--------------------
1 0 0 0 0 <= 0.555938
0 1 0 0 0 <= 1.49044e-05
0 0 1 0 0 <= 3.70458e-05
0 0 0 1 0 <= 0.00550731
0 0 0 0 1 <= 0.685658
-1 -0 -0 -0 -0 <= -0.534035
-0 -1 -0 -0 -0 <= -1.42653e-06
-0 -0 -1 -0 -0 <= -3.54274e-06
-0 -0 -0 -1 -0 <= -0.000490859
-0 -0 -0 -0 -1 <= -0.298857
--------------------
1 0 0 0 0 <= 0.555937
0 1 0 0 0 <= 1.36272e-05
0 0 1 0 0 <= 3.38644e-05
0 0 0 1 0 <= 0.00503537
0 0 0 0 1 <= 0.686382
-1 -0 -0 -0 -0 <= -0.534029
-0 -1 -0 -0 -0 <= -1.24227e-06
-0 -0 -1 -0 -0 <= -3.08478e-06
-0 -0 -0 -1 -0 <= -0.000427461
-0 -0 -0 -0 -1 <= -0.2989
--------------------
1 0 0 0 0 <= 0.555937
0 1 0 0 0 <= 1.24593e-05
0 0 1 0 0 <= 3.09575e-05
0 0 0 1 0 <= 0.00460386
0 0 0 0 1 <= 0.687044
-1 -0 -0 -0 -0 <= -0.534024
-0 -1 -0 -0 -0 <= -1.08181e-06
-0 -0 -1 -0 -0 <= -2.68608e-06
-0 -0 -0 -1 -0 <= -0.000372252
-0 -0 -0 -0 -1 <= -0.298937
--------------------
1 0 0 0 0 <= 0.555937
0 1 0 0 0 <= 1.13916e-05
0 0 1 0 0 <= 2.83012e-05
0 0 0 1 0 <= 0.00420933
0 0 0 0 1 <= 0.687649
-1 -0 -0 -0 -0 <= -0.534019
-0 -1 -0 -0 -0 <= -9.42071e-07
-0 -0 -1 -0 -0 <= -2.33897e-06
-0 -0 -0 -1 -0 <= -0.000324173
-0 -0 -0 -0 -1 <= -0.29897
--------------------
1 0 0 0 0 <= 0.555936
0 1 0 0 0 <= 1.04154e-05
0 0 1 0 0 <= 2.58734e-05
0 0 0 1 0 <= 0.00384861
0 0 0 0 1 <= 0.688202
-1 -0 -0 -0 -0 <= -0.534014
-0 -1 -0 -0 -0 <= -8.20387e-07
-0 -0 -1 -0 -0 <= -2.03674e-06
-0 -0 -0 -1 -0 <= -0.000282304
-0 -0 -0 -0 -1 <= -0.298998
--------------------
1 0 0 0 0 <= 0.555936
0 1 0 0 0 <= 9.52282e-06
0 0 1 0 0 <= 2.36544e-05
0 0 0 1 0 <= 0.0035188
0 0 0 0 1 <= 0.688708
-1 -0 -0 -0 -0 <= -0.53401
-0 -1 -0 -0 -0 <= -7.14421e-07
-0 -0 -1 -0 -0 <= -1.77359e-06
-0 -0 -0 -1 -0 <= -0.000245842
-0 -0 -0 -0 -1 <= -0.299023
--------------------
1 0 0 0 0 <= 0.555936
0 1 0 0 0 <= 8.70674e-06
0 0 1 0 0 <= 2.1626e-05
0 0 0 1 0 <= 0.00321726
0 0 0 0 1 <= 0.689171
-1 -0 -0 -0 -0 <= -0.534006
-0 -1 -0 -0 -0 <= -6.22142e-07
-0 -0 -1 -0 -0 <= -1.54445e-06
-0 -0 -0 -1 -0 <= -0.00021409
-0 -0 -0 -0 -1 <= -0.299045
--------------------
1 0 0 0 0 <= 0.555935
0 1 0 0 0 <= 7.96061e-06
0 0 1 0 0 <= 1.97719e-05
0 0 0 1 0 <= 0.00294155
0 0 0 0 1 <= 0.689594
-1 -0 -0 -0 -0 <= -0.534003
-0 -1 -0 -0 -0 <= -5.41784e-07
-0 -0 -1 -0 -0 <= -1.34493e-06
-0 -0 -0 -1 -0 <= -0.000186439
-0 -0 -0 -0 -1 <= -0.299063
--------------------
1 0 0 0 0 <= 0.555935
0 1 0 0 0 <= 7.27841e-06
0 0 1 0 0 <= 1.80769e-05
0 0 0 1 0 <= 0.00268948
0 0 0 0 1 <= 0.689981
-1 -0 -0 -0 -0 <= -0.533999
-0 -1 -0 -0 -0 <= -4.71805e-07
-0 -0 -1 -0 -0 <= -1.17118e-06
-0 -0 -0 -1 -0 <= -0.000162359
-0 -0 -0 -0 -1 <= -0.29908
--------------------
1 0 0 0 0 <= 0.555935
0 1 0 0 0 <= 6.65468e-06
0 0 1 0 0 <= 1.65273e-05
0 0 0 1 0 <= 0.002459
0 0 0 0 1 <= 0.690334
-1 -0 -0 -0 -0 <= -0.533997
-0 -1 -0 -0 -0 <= -4.10865e-07
-0 -0 -1 -0 -0 <= -1.01989e-06
-0 -0 -0 -1 -0 <= -0.000141389
-0 -0 -0 -0 -1 <= -0.299094
--------------------
1 0 0 0 0 <= 0.555935
0 1 0 0 0 <= 6.08439e-06
0 0 1 0 0 <= 1.51106e-05
0 0 0 1 0 <= 0.00224827
0 0 0 0 1 <= 0.690658
-1 -0 -0 -0 -0 <= -0.533994
-0 -1 -0 -0 -0 <= -3.57796e-07
-0 -0 -1 -0 -0 <= -8.88149e-07
-0 -0 -0 -1 -0 <= -0.000123127
-0 -0 -0 -0 -1 <= -0.299106
--------------------
1 0 0 0 0 <= 0.555935
0 1 0 0 0 <= 5.56298e-06
0 0 1 0 0 <= 1.38155e-05
0 0 0 1 0 <= 0.00205561
0 0 0 0 1 <= 0.690953
-1 -0 -0 -0 -0 <= -0.533992
-0 -1 -0 -0 -0 <= -3.11582e-07
-0 -0 -1 -0 -0 <= -7.73425e-07
-0 -0 -0 -1 -0 <= -0.000107225
-0 -0 -0 -0 -1 <= -0.299117
--------------------
1 0 0 0 0 <= 0.555935
0 1 0 0 0 <= 5.08626e-06
0 0 1 0 0 <= 1.26314e-05
0 0 0 1 0 <= 0.00187945
0 0 0 0 1 <= 0.691224
-1 -0 -0 -0 -0 <= -0.533989
-0 -1 -0 -0 -0 <= -2.71338e-07
-0 -0 -1 -0 -0 <= -6.73522e-07
-0 -0 -0 -1 -0 <= -9.33758e-05
-0 -0 -0 -0 -1 <= -0.299127
--------------------
1 0 0 0 0 <= 0.555934
0 1 0 0 0 <= 4.65039e-06
0 0 1 0 0 <= 1.15488e-05
0 0 0 1 0 <= 0.00171839
0 0 0 0 1 <= 0.691471
-1 -0 -0 -0 -0 <= -0.533987
-0 -1 -0 -0 -0 <= -2.36291e-07
-0 -0 -1 -0 -0 <= -5.86525e-07
-0 -0 -0 -1 -0 <= -8.13156e-05
-0 -0 -0 -0 -1 <= -0.299135
--------------------
1 0 0 0 0 <= 0.555934
0 1 0 0 0 <= 4.25187e-06
0 0 1 0 0 <= 1.0559e-05
0 0 0 1 0 <= 0.00157113
0 0 0 0 1 <= 0.691697
-1 -0 -0 -0 -0 <= -0.533985
-0 -1 -0 -0 -0 <= -2.05772e-07
-0 -0 -1 -0 -0 <= -5.10765e-07
-0 -0 -0 -1 -0 <= -7.08131e-05
-0 -0 -0 -0 -1 <= -0.299142
--------------------
1 0 0 0 0 <= 0.555934
0 1 0 0 0 <= 3.8875e-06
0 0 1 0 0 <= 9.65409e-06
0 0 0 1 0 <= 0.00143649
0 0 0 0 1 <= 0.691903
-1 -0 -0 -0 -0 <= -0.533984
-0 -1 -0 -0 -0 <= -1.79194e-07
-0 -0 -1 -0 -0 <= -4.44792e-07
-0 -0 -0 -1 -0 <= -6.16671e-05
-0 -0 -0 -0 -1 <= -0.299148
--------------------
1 0 0 0 0 <= 0.555934
0 1 0 0 0 <= 3.55435e-06
0 0 1 0 0 <= 8.82673e-06
0 0 0 1 0 <= 0.00131339
0 0 0 0 1 <= 0.692092
-1 -0 -0 -0 -0 <= -0.533982
-0 -1 -0 -0 -0 <= -1.56049e-07
-0 -0 -1 -0 -0 <= -3.87341e-07
-0 -0 -0 -1 -0 <= -5.37023e-05
-0 -0 -0 -0 -1 <= -0.299154
--------------------
1 0 0 0 0 <= 0.555934
0 1 0 0 0 <= 3.24976e-06
0 0 1 0 0 <= 8.07028e-06
0 0 0 1 0 <= 0.00120084
0 0 0 0 1 <= 0.692265
-1 -0 -0 -0 -0 <= -0.533981
-0 -1 -0 -0 -0 <= -1.35894e-07
-0 -0 -1 -0 -0 <= -3.37311e-07
-0 -0 -0 -1 -0 <= -4.67662e-05
-0 -0 -0 -0 -1 <= -0.299158
--------------------
1 0 0 0 0 <= 0.555934
0 1 0 0 0 <= 2.97127e-06
0 0 1 0 0 <= 7.37867e-06
0 0 0 1 0 <= 0.00109793
0 0 0 0 1 <= 0.692423
-1 -0 -0 -0 -0 <= -0.533979
-0 -1 -0 -0 -0 <= -1.18342e-07
-0 -0 -1 -0 -0 <= -2.93743e-07
-0 -0 -0 -1 -0 <= -4.0726e-05
-0 -0 -0 -0 -1 <= -0.299162
--------------------
1 0 0 0 0 <= 0.555934
0 1 0 0 0 <= 2.71664e-06
0 0 1 0 0 <= 6.74633e-06
0 0 0 1 0 <= 0.00100384
0 0 0 0 1 <= 0.692567
-1 -0 -0 -0 -0 <= -0.533978
-0 -1 -0 -0 -0 <= -1.03057e-07
-0 -0 -1 -0 -0 <= -2.55802e-07
-0 -0 -0 -1 -0 <= -3.5466e-05
-0 -0 -0 -0 -1 <= -0.299166
--------------------
1 0 0 0 0 <= 0.555934
0 1 0 0 0 <= 2.48384e-06
0 0 1 0 0 <= 6.16818e-06
0 0 0 1 0 <= 0.000917816
0 0 0 0 1 <= 0.692699
-1 -0 -0 -0 -0 <= -0.533977
-0 -1 -0 -0 -0 <= -8.9746e-08
-0 -0 -1 -0 -0 <= -2.22762e-07
-0 -0 -0 -1 -0 <= -3.08853e-05
-0 -0 -0 -0 -1 <= -0.299169
--------------------
1 0 0 0 0 <= 0.555934
0 1 0 0 0 <= 2.27098e-06
0 0 1 0 0 <= 5.63959e-06
0 0 0 1 0 <= 0.000839163
0 0 0 0 1 <= 0.69282
-1 -0 -0 -0 -0 <= -0.533976
-0 -1 -0 -0 -0 <= -7.81544e-08
-0 -0 -1 -0 -0 <= -1.9399e-07
-0 -0 -0 -1 -0 <= -2.68962e-05
-0 -0 -0 -0 -1 <= -0.299172
--------------------
1 0 0 0 0 <= 0.555934
0 1 0 0 0 <= 2.07637e-06
0 0 1 0 0 <= 5.15629e-06
0 0 0 1 0 <= 0.00076725
0 0 0 0 1 <= 0.69293
-1 -0 -0 -0 -0 <= -0.533975
-0 -1 -0 -0 -0 <= -6.806e-08
-0 -0 -1 -0 -0 <= -1.68934e-07
-0 -0 -0 -1 -0 <= -2.34224e-05
-0 -0 -0 -0 -1 <= -0.299174
--------------------
1 0 0 0 0 <= 0.555934
0 1 0 0 0 <= 1.89843e-06
0 0 1 0 0 <= 4.71441e-06
0 0 0 1 0 <= 0.0007015
0 0 0 0 1 <= 0.693031
-1 -0 -0 -0 -0 <= -0.533975
-0 -1 -0 -0 -0 <= -5.92695e-08
-0 -0 -1 -0 -0 <= -1.47115e-07
-0 -0 -0 -1 -0 <= -2.03972e-05
-0 -0 -0 -0 -1 <= -0.299176
--------------------
1 0 0 0 0 <= 0.555934
0 1 0 0 0 <= 1.73574e-06
0 0 1 0 0 <= 4.3104e-06
0 0 0 1 0 <= 0.000641385
0 0 0 0 1 <= 0.693123
-1 -0 -0 -0 -0 <= -0.533974
-0 -1 -0 -0 -0 <= -5.16143e-08
-0 -0 -1 -0 -0 <= -1.28113e-07
-0 -0 -0 -1 -0 <= -1.77627e-05
-0 -0 -0 -0 -1 <= -0.299178
--------------------
1 0 0 0 0 <= 0.555934
0 1 0 0 0 <= 1.587e-06
0 0 1 0 0 <= 3.94102e-06
0 0 0 1 0 <= 0.000586421
0 0 0 0 1 <= 0.693207
-1 -0 -0 -0 -0 <= -0.533973
-0 -1 -0 -0 -0 <= -4.49478e-08
-0 -0 -1 -0 -0 <= -1.11566e-07
-0 -0 -0 -1 -0 <= -1.54685e-05
-0 -0 -0 -0 -1 <= -0.29918
--------------------
1 0 0 0 0 <= 0.555934
0 1 0 0 0 <= 1.451e-06
0 0 1 0 0 <= 3.60329e-06
0 0 0 1 0 <= 0.000536167
0 0 0 0 1 <= 0.693285
-1 -0 -0 -0 -0 <= -0.533972
-0 -1 -0 -0 -0 <= -3.91424e-08
-0 -0 -1 -0 -0 <= -9.71563e-08
-0 -0 -0 -1 -0 <= -1.34707e-05
-0 -0 -0 -0 -1 <= -0.299181
--------------------
1 0 0 0 0 <= 0.555934
0 1 0 0 0 <= 1.32665e-06
0 0 1 0 0 <= 3.2945e-06
0 0 0 1 0 <= 0.000490219
0 0 0 0 1 <= 0.693355
-1 -0 -0 -0 -0 <= -0.533972
-0 -1 -0 -0 -0 <= -3.40868e-08
-0 -0 -1 -0 -0 <= -8.88398e-08
-0 -0 -0 -1 -0 <= -1.17308e-05
-0 -0 -0 -0 -1 <= -0.299182
--------------------
1 0 0 0 0 <= 0.555934
0 1 0 0 0 <= 1.21296e-06
0 0 1 0 0 <= 3.01217e-06
0 0 0 1 0 <= 0.00044821
0 0 0 0 1 <= 0.69342
-1 -0 -0 -0 -0 <= -0.533971
-0 -1 -0 -0 -0 <= -2.96899e-08
-0 -0 -1 -0 -0 <= -8.03826e-08
-0 -0 -0 -1 -0 <= -1.02166e-05
-0 -0 -0 -0 -1 <= -0.299183
--------------------
1 0 0 0 0 <= 0.555934
0 1 0 0 0 <= 1.10902e-06
0 0 1 0 0 <= 2.75404e-06
0 0 0 1 0 <= 0.0004098
0 0 0 0 1 <= 0.693478
-1 -0 -0 -0 -0 <= -0.533971
-0 -1 -0 -0 -0 <= -2.58629e-08
-0 -0 -1 -0 -0 <= -7.21545e-08
-0 -0 -0 -1 -0 <= -8.89835e-06
-0 -0 -0 -0 -1 <= -0.299184
--------------------
1 0 0 0 0 <= 0.555934
0 1 0 0 0 <= 1.01398e-06
0 0 1 0 0 <= 2.51803e-06
0 0 0 1 0 <= 0.000374682
0 0 0 0 1 <= 0.693532
-1 -0 -0 -0 -0 <= -0.53397
-0 -1 -0 -0 -0 <= -2.25307e-08
-0 -0 -1 -0 -0 <= -6.43748e-08
-0 -0 -0 -1 -0 <= -7.75065e-06
-0 -0 -0 -0 -1 <= -0.299185
--------------------
1 0 0 0 0 <= 0.555934
0 1 0 0 0 <= 9.27086e-07
0 0 1 0 0 <= 2.30224e-06
0 0 0 1 0 <= 0.000342573
0 0 0 0 1 <= 0.693582
-1 -0 -0 -0 -0 <= -0.53397
-0 -1 -0 -0 -0 <= -1.96285e-08
-0 -0 -1 -0 -0 <= -5.7162e-08
-0 -0 -0 -1 -0 <= -6.75129e-06
-0 -0 -0 -0 -1 <= -0.299185
--------------------
1 0 0 0 0 <= 0.555934
0 1 0 0 0 <= 8.47639e-07
0 0 1 0 0 <= 2.10495e-06
0 0 0 1 0 <= 0.000313216
0 0 0 0 1 <= 0.693627
-1 -0 -0 -0 -0 <= -0.53397
-0 -1 -0 -0 -0 <= -1.71005e-08
-0 -0 -1 -0 -0 <= -5.05685e-08
-0 -0 -0 -1 -0 <= -5.88101e-06
-0 -0 -0 -0 -1 <= -0.299186
--------------------
1 0 0 0 0 <= 0.555934
0 1 0 0 0 <= 7.74999e-07
0 0 1 0 0 <= 1.92457e-06
0 0 0 1 0 <= 0.000286375
0 0 0 0 1 <= 0.693668
-1 -0 -0 -0 -0 <= -0.533969
-0 -1 -0 -0 -0 <= -1.48983e-08
-0 -0 -1 -0 -0 <= -4.46036e-08
-0 -0 -0 -1 -0 <= -5.12306e-06
-0 -0 -0 -0 -1 <= -0.299187
--------------------
1 0 0 0 0 <= 0.555934
0 1 0 0 0 <= 7.08585e-07
0 0 1 0 0 <= 1.75964e-06
0 0 0 1 0 <= 0.000261833
0 0 0 0 1 <= 0.693705
-1 -0 -0 -0 -0 <= -0.533969
-0 -1 -0 -0 -0 <= -1.29798e-08
-0 -0 -1 -0 -0 <= -3.92497e-08
-0 -0 -0 -1 -0 <= -4.46291e-06
-0 -0 -0 -0 -1 <= -0.299187
--------------------
1 0 0 0 0 <= 0.555934
0 1 0 0 0 <= 6.47862e-07
0 0 1 0 0 <= 1.60884e-06
0 0 0 1 0 <= 0.000239395
0 0 0 0 1 <= 0.69374
-1 -0 -0 -0 -0 <= -0.533969
-0 -1 -0 -0 -0 <= -1.13084e-08
-0 -0 -1 -0 -0 <= -3.44734e-08
-0 -0 -0 -1 -0 <= -3.8879e-06
-0 -0 -0 -0 -1 <= -0.299187
--------------------
1 0 0 0 0 <= 0.555934
0 1 0 0 0 <= 5.92343e-07
0 0 1 0 0 <= 1.47097e-06
0 0 0 1 0 <= 0.00021888
0 0 0 0 1 <= 0.693771
-1 -0 -0 -0 -0 <= -0.533968
-0 -1 -0 -0 -0 <= -9.85226e-09
-0 -0 -1 -0 -0 <= -3.02324e-08
-0 -0 -0 -1 -0 <= -3.38704e-06
-0 -0 -0 -0 -1 <= -0.299188
--------------------
1 0 0 0 0 <= 0.555934
0 1 0 0 0 <= 5.41582e-07
0 0 1 0 0 <= 1.34492e-06
0 0 0 1 0 <= 0.000200123
0 0 0 0 1 <= 0.6938
-1 -0 -0 -0 -0 <= -0.533968
-0 -1 -0 -0 -0 <= -8.58363e-09
-0 -0 -1 -0 -0 <= -2.64806e-08
-0 -0 -0 -1 -0 <= -2.95074e-06
-0 -0 -0 -0 -1 <= -0.299188
--------------------
1 0 0 0 0 <= 0.555934
0 1 0 0 0 <= 4.9517e-07
0 0 1 0 0 <= 1.22966e-06
0 0 0 1 0 <= 0.000182973
0 0 0 0 1 <= 0.693826
-1 -0 -0 -0 -0 <= -0.533968
-0 -1 -0 -0 -0 <= -7.47837e-09
-0 -0 -1 -0 -0 <= -2.31714e-08
-0 -0 -0 -1 -0 <= -2.57067e-06
-0 -0 -0 -0 -1 <= -0.299188
--------------------
1 0 0 0 0 <= 0.555934
0 1 0 0 0 <= 4.52736e-07
0 0 1 0 0 <= 1.12429e-06
0 0 0 1 0 <= 0.000167293
0 0 0 0 1 <= 0.693851
-1 -0 -0 -0 -0 <= -0.533968
-0 -1 -0 -0 -0 <= -6.51542e-09
-0 -0 -1 -0 -0 <= -2.02595e-08
-0 -0 -0 -1 -0 <= -2.23957e-06
-0 -0 -0 -0 -1 <= -0.299189
--------------------
1 0 0 0 0 <= 0.555934
0 1 0 0 0 <= 4.13939e-07
0 0 1 0 0 <= 1.02794e-06
0 0 0 1 0 <= 0.000152957
0 0 0 0 1 <= 0.693873
-1 -0 -0 -0 -0 <= -0.533968
-0 -1 -0 -0 -0 <= -5.67647e-09
-0 -0 -1 -0 -0 <= -1.77019e-08
-0 -0 -0 -1 -0 <= -1.95114e-06
-0 -0 -0 -0 -1 <= -0.299189
--------------------
1 0 0 0 0 <= 0.555934
0 1 0 0 0 <= 3.78466e-07
0 0 1 0 0 <= 9.39848e-07
0 0 0 1 0 <= 0.000139849
0 0 0 0 1 <= 0.693893
-1 -0 -0 -0 -0 <= -0.533967
-0 -1 -0 -0 -0 <= -4.94555e-09
-0 -0 -1 -0 -0 <= -1.5459e-08
-0 -0 -0 -1 -0 <= -1.69986e-06
-0 -0 -0 -0 -1 <= -0.299189
--------------------
1 0 0 0 0 <= 0.555934
0 1 0 0 0 <= 3.46033e-07
0 0 1 0 0 <= 8.59307e-07
0 0 0 1 0 <= 0.000127865
0 0 0 0 1 <= 0.693911
-1 -0 -0 -0 -0 <= -0.533967
-0 -1 -0 -0 -0 <= -4.30875e-09
-0 -0 -1 -0 -0 <= -1.34944e-08
-0 -0 -0 -1 -0 <= -1.48095e-06
-0 -0 -0 -0 -1 <= -0.299189
--------------------
1 0 0 0 0 <= 0.555934
0 1 0 0 0 <= 3.16379e-07
0 0 1 0 0 <= 7.85668e-07
0 0 0 1 0 <= 0.000116907
0 0 0 0 1 <= 0.693928
-1 -0 -0 -0 -0 <= -0.533967
-0 -1 -0 -0 -0 <= -3.75395e-09
-0 -0 -1 -0 -0 <= -1.17754e-08
-0 -0 -0 -1 -0 <= -1.29024e-06
-0 -0 -0 -0 -1 <= -0.299189
--------------------
1 0 0 0 0 <= 0.555934
0 1 0 0 0 <= 2.89267e-07
0 0 1 0 0 <= 7.1834e-07
0 0 0 1 0 <= 0.000106889
0 0 0 0 1 <= 0.693943
-1 -0 -0 -0 -0 <= -0.533967
-0 -1 -0 -0 -0 <= -3.27058e-09
-0 -0 -1 -0 -0 <= -1.02723e-08
-0 -0 -0 -1 -0 <= -1.12409e-06
-0 -0 -0 -0 -1 <= -0.299189
--------------------
1 0 0 0 0 <= 0.555934
0 1 0 0 0 <= 2.64478e-07
0 0 1 0 0 <= 6.56781e-07
0 0 0 1 0 <= 9.77288e-05
0 0 0 0 1 <= 0.693957
-1 -0 -0 -0 -0 <= -0.533967
-0 -1 -0 -0 -0 <= -2.84945e-09
-0 -0 -1 -0 -0 <= -8.95905e-09
-0 -0 -0 -1 -0 <= -9.79334e-07
-0 -0 -0 -0 -1 <= -0.299189
--------------------
1 0 0 0 0 <= 0.555934
0 1 0 0 0 <= 2.41813e-07
0 0 1 0 0 <= 6.00497e-07
0 0 0 1 0 <= 8.93538e-05
0 0 0 0 1 <= 0.69397
-1 -0 -0 -0 -0 <= -0.533967
-0 -1 -0 -0 -0 <= -2.48255e-09
-0 -0 -1 -0 -0 <= -7.81217e-09
-0 -0 -0 -1 -0 <= -8.53225e-07
-0 -0 -0 -0 -1 <= -0.299189
--------------------
1 0 0 0 0 <= 0.555934
0 1 0 0 0 <= 2.21091e-07
0 0 1 0 0 <= 5.49037e-07
0 0 0 1 0 <= 8.16966e-05
0 0 0 0 1 <= 0.693982
-1 -0 -0 -0 -0 <= -0.533967
-0 -1 -0 -0 -0 <= -2.16289e-09
-0 -0 -1 -0 -0 <= -6.81104e-09
-0 -0 -0 -1 -0 <= -7.43356e-07
-0 -0 -0 -0 -1 <= -0.29919
--------------------
1 0 0 0 0 <= 0.555934
0 1 0 0 0 <= 2.02144e-07
0 0 1 0 0 <= 5.01987e-07
0 0 0 1 0 <= 7.46955e-05
0 0 0 0 1 <= 0.693993
-1 -0 -0 -0 -0 <= -0.533967
-0 -1 -0 -0 -0 <= -1.88439e-09
-0 -0 -1 -0 -0 <= -5.93744e-09
-0 -0 -0 -1 -0 <= -6.47636e-07
-0 -0 -0 -0 -1 <= -0.29919
--------------------
1 0 0 0 0 <= 0.555934
0 1 0 0 0 <= 1.84821e-07
0 0 1 0 0 <= 4.58969e-07
0 0 0 1 0 <= 6.82944e-05
0 0 0 0 1 <= 0.694002
-1 -0 -0 -0 -0 <= -0.533967
-0 -1 -0 -0 -0 <= -1.64175e-09
-0 -0 -1 -0 -0 <= -5.17536e-09
-0 -0 -0 -1 -0 <= -5.64242e-07
-0 -0 -0 -0 -1 <= -0.29919
