0.54	0.41	0.01	0.01	0.01	0.56	0.419	0.019	0.011	0.011	
0.539962	0.205024	0.211694	0.010694	0.0117408	0.559975	0.209539	0.223046	0.0138426	0.014918	
0.539646	0.102809	0.24422	0.0516362	0.0310975	0.559666	0.105097	0.263793	0.057247	0.0458557	
0.539229	0.0517899	0.214886	0.0937365	0.0568488	0.559267	0.0529818	0.240622	0.105023	0.0877834	
0.538791	0.0262857	0.169739	0.124472	0.0837113	0.558862	0.0269448	0.198045	0.144006	0.132925	
0.538369	0.0135056	0.126766	0.142164	0.109319	0.558485	0.0139101	0.15467	0.171081	0.177596	
0.537977	0.00707651	0.0916103	0.14895	0.132727	0.55815	0.00736207	0.117229	0.187124	0.22014	
0.537618	0.00382173	0.0648622	0.147819	0.153665	0.557856	0.0040535	0.0872605	0.194282	0.259888	
0.537292	0.00215698	0.0453296	0.141487	0.172177	0.5576	0.00236521	0.06424	0.194824	0.296658	
0.536996	0.00129142	0.0314221	0.132074	0.188438	0.557379	0.00148942	0.0469832	0.190715	0.330491	
0.536728	0.00082974	0.0216797	0.12111	0.202668	0.557188	0.00102278	0.0342418	0.183511	0.361535	
0.536485	0.000573966	0.0149272	0.109629	0.215097	0.557023	0.000763589	0.0249244	0.174387	0.389973	
0.536265	0.000424632	0.0102793	0.0982968	0.225938	0.55688	0.000610778	0.0181519	0.164193	0.416003	
0.536064	0.000331523	0.00709327	0.0875151	0.235389	0.556756	0.000513532	0.013247	0.153532	0.439818	
0.535882	0.000269095	0.004914	0.0775043	0.243623	0.556649	0.000446165	0.00970134	0.142818	0.461599	
0.535716	0.000224197	0.00342398	0.068365	0.250797	0.556556	0.000395582	0.00713975	0.132328	0.481518	
0.535564	0.000189933	0.00240411	0.0601213	0.257046	0.556475	0.000355021	0.00528815	0.122238	0.499732	
0.535426	0.000162583	0.00170428	0.0527503	0.262488	0.556405	0.000320912	0.00394775	0.112656	0.516387	
0.5353	0.000140061	0.00122213	0.046202	0.267228	0.556344	0.000291312	0.00297504	0.10364	0.531616	
0.535186	0.00012113	0.000888127	0.0404124	0.271355	0.556291	0.000265112	0.00226674	0.095214	0.54554	
0.535081	0.000105009	0.000655077	0.0353122	0.27495	0.556244	0.000241642	0.00174865	0.0873799	0.558271	
0.534985	9.11708e-05	0.000491013	0.0308314	0.278081	0.556204	0.000220462	0.00136754	0.0801241	0.569911	
0.534897	7.92308e-05	0.00037427	0.0269031	0.280807	0.556169	0.000201263	0.00108523	0.0734236	0.580554	
0.534817	6.88966e-05	0.000290151	0.0234644	0.283181	0.556139	0.000183812	0.000874359	0.0672498	0.590284	
0.534744	5.99345e-05	0.000228676	0.020458	0.285249	0.556112	0.000167922	0.000715289	0.0615713	0.599181	
0.534677	5.21525e-05	0.000183043	0.0178319	0.287049	0.556089	0.000153437	0.000593934	0.0563552	0.607316	
0.534616	4.53895e-05	0.000148605	0.0155396	0.288617	0.556069	0.000140221	0.000500169	0.0515688	0.614754	
0.53456	3.95089e-05	0.000122171	0.0135399	0.289983	0.556052	0.000128158	0.000426711	0.0471803	0.621554	
0.534509	3.43935e-05	0.000101536	0.011796	0.291172	0.556036	0.000117141	0.000368307	0.0431591	0.627771	
0.534463	2.99426e-05	8.51647e-05	0.0102758	0.292208	0.556023	0.000107079	0.000321159	0.0394762	0.633456	
0.53442	2.60691e-05	7.19806e-05	0.00895078	0.293109	0.556012	9.78851e-05	0.000282513	0.0361044	0.638654	
0.534381	2.26977e-05	6.12183e-05	0.0077962	0.293895	0.556001	8.94842e-05	0.000250363	0.0330184	0.643406	
0.534346	1.97629e-05	5.23284e-05	0.00679026	0.294579	0.555993	8.18066e-05	0.000223241	0.0301945	0.647751	
0.534313	1.72081e-05	4.49101e-05	0.00591392	0.295174	0.555985	7.47895e-05	0.000200065	0.027611	0.651723	
0.534283	1.49838e-05	3.86668e-05	0.00515054	0.295693	0.555978	6.83755e-05	0.000180033	0.0252478	0.655355	
0.534256	1.30472e-05	3.33755e-05	0.00448562	0.296145	0.555973	6.25124e-05	0.000162544	0.0230862	0.658676	
0.534231	1.13611e-05	2.88652e-05	0.00390647	0.296538	0.555968	5.71528e-05	0.000147144	0.0211093	0.661712	
0.534208	9.89303e-06	2.50029e-05	0.00340206	0.296881	0.555963	5.22531e-05	0.000133484	0.0193014	0.664489	
0.534188	8.61472e-06	2.16835e-05	0.00296275	0.297179	0.555959	4.77738e-05	0.000121295	0.0176481	0.667027	
0.534169	7.50165e-06	1.88223e-05	0.00258015	0.297439	0.555956	4.36787e-05	0.000110366	0.0161363	0.669347	
0.534151	6.53243e-06	1.63505e-05	0.00224695	0.297665	0.555953	3.99349e-05	0.000100526	0.0147538	0.671469	
0.534135	5.68847e-06	1.42112e-05	0.00195677	0.297862	0.555951	3.6512e-05	9.16382e-05	0.0134898	0.673409	
0.534121	4.95357e-06	1.23572e-05	0.00170406	0.298033	0.555948	3.33827e-05	8.35904e-05	0.0123339	0.675183	
0.534107	4.31363e-06	1.07487e-05	0.00148398	0.298183	0.555947	3.05216e-05	7.62879e-05	0.0112771	0.676805	
0.534095	3.75637e-06	9.352e-06	0.00129232	0.298313	0.555945	2.79058e-05	6.9651e-05	0.0103108	0.678287	
0.534084	3.27112e-06	8.13841e-06	0.00112541	0.298426	0.555943	2.55142e-05	6.36113e-05	0.00942729	0.679643	
0.534074	2.84855e-06	7.08341e-06	0.000980061	0.298525	0.555942	2.33276e-05	5.81094e-05	0.00861946	0.680883	
0.534065	2.48059e-06	6.16591e-06	0.000853482	0.298611	0.555941	2.13284e-05	5.30935e-05	0.00788084	0.682016	
0.534056	2.16015e-06	5.36775e-06	0.000743251	0.298686	0.55594	1.95006e-05	4.85177e-05	0.00720551	0.683052	
0.534048	1.88112e-06	4.67325e-06	0.000647256	0.298751	0.555939	1.78294e-05	4.43415e-05	0.00658805	0.683999	
0.534041	1.63813e-06	4.06883e-06	0.000563659	0.298807	0.555939	1.63014e-05	4.05284e-05	0.00602349	0.684866	
0.534035	1.42653e-06	3.54274e-06	0.000490859	0.298857	0.555938	1.49044e-05	3.70458e-05	0.00550731	0.685658	
0.534029	1.24227e-06	3.08478e-06	0.000427461	0.2989	0.555937	1.36272e-05	3.38644e-05	0.00503537	0.686382	
0.534024	1.08181e-06	2.68608e-06	0.000372252	0.298937	0.555937	1.24593e-05	3.09575e-05	0.00460386	0.687044	
0.534019	9.42071e-07	2.33897e-06	0.000324173	0.29897	0.555937	1.13916e-05	2.83012e-05	0.00420933	0.687649	
0.534014	8.20387e-07	2.03674e-06	0.000282304	0.298998	0.555936	1.04154e-05	2.58734e-05	0.00384861	0.688202	
0.53401	7.14421e-07	1.77359e-06	0.000245842	0.299023	0.555936	9.52282e-06	2.36544e-05	0.0035188	0.688708	
0.534006	6.22142e-07	1.54445e-06	0.00021409	0.299045	0.555936	8.70674e-06	2.1626e-05	0.00321726	0.689171	
0.534003	5.41784e-07	1.34493e-06	0.000186439	0.299063	0.555935	7.96061e-06	1.97719e-05	0.00294155	0.689594	
0.533999	4.71805e-07	1.17118e-06	0.000162359	0.29908	0.555935	7.27841e-06	1.80769e-05	0.00268948	0.689981	
0.533997	4.10865e-07	1.01989e-06	0.000141389	0.299094	0.555935	6.65468e-06	1.65273e-05	0.002459	0.690334	
0.533994	3.57796e-07	8.88149e-07	0.000123127	0.299106	0.555935	6.08439e-06	1.51106e-05	0.00224827	0.690658	
0.533992	3.11582e-07	7.73425e-07	0.000107225	0.299117	0.555935	5.56298e-06	1.38155e-05	0.00205561	0.690953	
0.533989	2.71338e-07	6.73522e-07	9.33758e-05	0.299127	0.555935	5.08626e-06	1.26314e-05	0.00187945	0.691224	
0.533987	2.36291e-07	5.86525e-07	8.13156e-05	0.299135	0.555934	4.65039e-06	1.15488e-05	0.00171839	0.691471	
0.533985	2.05772e-07	5.10765e-07	7.08131e-05	0.299142	0.555934	4.25187e-06	1.0559e-05	0.00157113	0.691697	
0.533984	1.79194e-07	4.44792e-07	6.16671e-05	0.299148	0.555934	3.8875e-06	9.65409e-06	0.00143649	0.691903	
0.533982	1.56049e-07	3.87341e-07	5.37023e-05	0.299154	0.555934	3.55435e-06	8.82673e-06	0.00131339	0.692092	
0.533981	1.35894e-07	3.37311e-07	4.67662e-05	0.299158	0.555934	3.24976e-06	8.07028e-06	0.00120084	0.692265	
0.533979	1.18342e-07	2.93743e-07	4.0726e-05	0.299162	0.555934	2.97127e-06	7.37867e-06	0.00109793	0.692423	
0.533978	1.03057e-07	2.55802e-07	3.5466e-05	0.299166	0.555934	2.71664e-06	6.74633e-06	0.00100384	0.692567	
0.533977	8.9746e-08	2.22762e-07	3.08853e-05	0.299169	0.555934	2.48384e-06	6.16818e-06	0.000917816	0.692699	
0.533976	7.81544e-08	1.9399e-07	2.68962e-05	0.299172	0.555934	2.27098e-06	5.63959e-06	0.000839163	0.69282	
0.533975	6.806e-08	1.68934e-07	2.34224e-05	0.299174	0.555934	2.07637e-06	5.15629e-06	0.00076725	0.69293	
0.533975	5.92695e-08	1.47115e-07	2.03972e-05	0.299176	0.555934	1.89843e-06	4.71441e-06	0.0007015	0.693031	
0.533974	5.16143e-08	1.28113e-07	1.77627e-05	0.299178	0.555934	1.73574e-06	4.3104e-06	0.000641385	0.693123	
0.533973	4.49478e-08	1.11566e-07	1.54685e-05	0.29918	0.555934	1.587e-06	3.94102e-06	0.000586421	0.693207	
0.533972	3.91424e-08	9.71563e-08	1.34707e-05	0.299181	0.555934	1.451e-06	3.60329e-06	0.000536167	0.693285	
0.533972	3.40868e-08	8.88398e-08	1.17308e-05	0.299182	0.555934	1.32665e-06	3.2945e-06	0.000490219	0.693355	
0.533971	2.96899e-08	8.03826e-08	1.02166e-05	0.299183	0.555934	1.21296e-06	3.01217e-06	0.00044821	0.69342	
0.533971	2.58629e-08	7.21545e-08	8.89835e-06	0.299184	0.555934	1.10902e-06	2.75404e-06	0.0004098	0.693478	
0.53397	2.25307e-08	6.43748e-08	7.75065e-06	0.299185	0.555934	1.01398e-06	2.51803e-06	0.000374682	0.693532	
0.53397	1.96285e-08	5.7162e-08	6.75129e-06	0.299185	0.555934	9.27086e-07	2.30224e-06	0.000342573	0.693582	
0.53397	1.71005e-08	5.05685e-08	5.88101e-06	0.299186	0.555934	8.47639e-07	2.10495e-06	0.000313216	0.693627	
0.533969	1.48983e-08	4.46036e-08	5.12306e-06	0.299187	0.555934	7.74999e-07	1.92457e-06	0.000286375	0.693668	
0.533969	1.29798e-08	3.92497e-08	4.46291e-06	0.299187	0.555934	7.08585e-07	1.75964e-06	0.000261833	0.693705	
0.533969	1.13084e-08	3.44734e-08	3.8879e-06	0.299187	0.555934	6.47862e-07	1.60884e-06	0.000239395	0.69374	
0.533968	9.85226e-09	3.02324e-08	3.38704e-06	0.299188	0.555934	5.92343e-07	1.47097e-06	0.00021888	0.693771	
0.533968	8.58363e-09	2.64806e-08	2.95074e-06	0.299188	0.555934	5.41582e-07	1.34492e-06	0.000200123	0.6938	
0.533968	7.47837e-09	2.31714e-08	2.57067e-06	0.299188	0.555934	4.9517e-07	1.22966e-06	0.000182973	0.693826	
0.533968	6.51542e-09	2.02595e-08	2.23957e-06	0.299189	0.555934	4.52736e-07	1.12429e-06	0.000167293	0.693851	
0.533968	5.67647e-09	1.77019e-08	1.95114e-06	0.299189	0.555934	4.13939e-07	1.02794e-06	0.000152957	0.693873	
0.533967	4.94555e-09	1.5459e-08	1.69986e-06	0.299189	0.555934	3.78466e-07	9.39848e-07	0.000139849	0.693893	
0.533967	4.30875e-09	1.34944e-08	1.48095e-06	0.299189	0.555934	3.46033e-07	8.59307e-07	0.000127865	0.693911	
0.533967	3.75395e-09	1.17754e-08	1.29024e-06	0.299189	0.555934	3.16379e-07	7.85668e-07	0.000116907	0.693928	
0.533967	3.27058e-09	1.02723e-08	1.12409e-06	0.299189	0.555934	2.89267e-07	7.1834e-07	0.000106889	0.693943	
0.533967	2.84945e-09	8.95905e-09	9.79334e-07	0.299189	0.555934	2.64478e-07	6.56781e-07	9.77288e-05	0.693957	
0.533967	2.48255e-09	7.81217e-09	8.53225e-07	0.299189	0.555934	2.41813e-07	6.00497e-07	8.93538e-05	0.69397	
0.533967	2.16289e-09	6.81104e-09	7.43356e-07	0.29919	0.555934	2.21091e-07	5.49037e-07	8.16966e-05	0.693982	
0.533967	1.88439e-09	5.93744e-09	6.47636e-07	0.29919	0.555934	2.02144e-07	5.01987e-07	7.46955e-05	0.693993	
0.533967	1.64175e-09	5.17536e-09	5.64242e-07	0.29919	0.555934	1.84821e-07	4.58969e-07	6.82944e-05	0.694002	
