0.41	0.01	0.01	0.01	0.419	0.019	0.011	0.011	
0.205025	0.211694	0.010694	0.0117408	0.209538	0.223046	0.0138426	0.014918	
0.10282	0.244221	0.0516362	0.0310975	0.105086	0.263792	0.057247	0.0458557	
0.0518063	0.214891	0.0937366	0.0568488	0.0529631	0.240616	0.105023	0.0877833	
0.026303	0.169751	0.124473	0.0837118	0.0269235	0.198031	0.144005	0.132924	
0.0135195	0.126783	0.142167	0.109321	0.0138903	0.15465	0.171077	0.177594	
0.00708442	0.0916283	0.148956	0.13273	0.00734678	0.117204	0.187116	0.220134	
0.00382267	0.0648782	0.147828	0.153671	0.00404411	0.0872355	0.19427	0.259878	
0.00215106	0.0453408	0.141498	0.172185	0.00236224	0.0642175	0.194808	0.296642	
0.0012794	0.0314267	0.132086	0.188447	0.00149275	0.0469656	0.190696	0.330471	
0.000812693	0.0216767	0.121121	0.202679	0.00103189	0.034231	0.183491	0.36151	
0.000553046	0.0149167	0.109638	0.215109	0.00077778	0.0249213	0.174366	0.389944	
0.000400945	0.0102618	0.0983027	0.22595	0.000629274	0.0181567	0.164173	0.415971	
0.00030606	0.00706971	0.0875167	0.235399	0.00053555	0.0132597	0.153515	0.439783	
0.000242702	0.00488549	0.0775009	0.243632	0.000470961	0.00972139	0.142805	0.461564	
0.000197569	0.0033917	0.0683564	0.250803	0.000422473	0.00716644	0.132319	0.481484	
0.000163623	0.00236919	0.0601074	0.257048	0.000383394	0.00532062	0.122236	0.499701	
0.000137017	0.00166775	0.0527312	0.262486	0.000350231	0.00398509	0.11266	0.51636	
0.000115552	0.0011849	0.0461781	0.267221	0.000321113	0.00301632	0.103651	0.531594	
9.78981e-05	0.000850946	0.0403842	0.271343	0.000295004	0.00231107	0.0952329	0.545525	
8.31968e-05	0.000618573	0.0352802	0.274932	0.000271296	0.00179521	0.087406	0.558264	
7.08561e-05	0.000455671	0.0307963	0.278057	0.00024961	0.00141556	0.0801573	0.569913	
6.04432e-05	0.000340454	0.0268655	0.280777	0.000229691	0.00113404	0.0734635	0.580567	
5.16269e-05	0.000258122	0.0234249	0.283145	0.000211352	0.000923371	0.067296	0.590309	
4.41445e-05	0.0001986	0.0204173	0.285207	0.000194445	0.000764003	0.0616233	0.599219	
3.7783e-05	0.000155015	0.0177905	0.287001	0.000178851	0.000641926	0.0564124	0.607367	
3.23671e-05	0.000122659	0.015498	0.288563	0.000164465	0.000547093	0.0516306	0.614818	
2.77508e-05	9.82912e-05	0.0134985	0.289923	0.000151193	0.000472288	0.0472461	0.621632	
2.3812e-05	7.96716e-05	0.0117553	0.291106	0.000138952	0.000412319	0.0432283	0.627864	
2.04481e-05	6.52382e-05	0.010236	0.292136	0.000127665	0.000363443	0.0395481	0.633564	
1.75725e-05	5.38945e-05	0.00891221	0.293033	0.000117262	0.000322953	0.0361786	0.638776	
1.51122e-05	4.48632e-05	0.00775905	0.293813	0.000107677	0.000288883	0.0330942	0.643543	
1.30054e-05	3.75875e-05	0.00675469	0.294492	9.88487e-05	0.0002598	0.0302714	0.647903	
1.11998e-05	3.16638e-05	0.00588005	0.295084	9.07217e-05	0.000234652	0.0276886	0.65189	
9.65114e-06	2.67956e-05	0.00511844	0.295598	8.32429e-05	0.000212658	0.0253255	0.655537	
8.32176e-06	2.27626e-05	0.00445533	0.296046	7.63632e-05	0.000193238	0.0231637	0.658872	
7.17973e-06	1.93981e-05	0.00387802	0.296436	7.00371e-05	0.000175953	0.0211862	0.661923	
6.19793e-06	1.6575e-05	0.00337543	0.296775	6.42221e-05	0.000160466	0.0193773	0.664713	
5.35325e-06	1.41943e-05	0.00293791	0.29707	5.88789e-05	0.000146517	0.0177228	0.667264	
4.62605e-06	1.21783e-05	0.00255706	0.297327	5.39706e-05	0.0001339	0.0162095	0.669598	
3.99956e-06	1.04652e-05	0.00222555	0.297551	4.94634e-05	0.000122451	0.0148254	0.671733	
3.45949e-06	9.00515e-06	0.00193698	0.297746	4.53257e-05	0.000112034	0.0135595	0.673685	
2.99363e-06	7.75779e-06	0.00168581	0.297915	4.15281e-05	0.000102539	0.0124017	0.67547	
2.59155e-06	6.68988e-06	0.0014672	0.298062	3.80437e-05	9.38701e-05	0.0113428	0.677103	
2.24432e-06	5.77398e-06	0.00127692	0.298191	3.48474e-05	8.59475e-05	0.0103743	0.678597	
1.94431e-06	4.98726e-06	0.00111131	0.298302	3.1916e-05	7.87008e-05	0.00948847	0.679963	
1.68497e-06	4.31063e-06	0.000967169	0.298399	2.92281e-05	7.20685e-05	0.00867833	0.681213	
1.46067e-06	3.72802e-06	0.000841719	0.298484	2.67639e-05	6.5996e-05	0.00793739	0.682355	
1.2666e-06	3.22587e-06	0.000732536	0.298558	2.45053e-05	6.04345e-05	0.00725971	0.683401	
1.09861e-06	2.7927e-06	0.000637512	0.298622	2.24354e-05	5.534e-05	0.00663992	0.684357	
9.53138e-07	2.41873e-06	0.000554811	0.298677	2.05388e-05	5.06729e-05	0.00607305	0.685231	
8.27124e-07	2.09567e-06	0.000482837	0.298726	1.88012e-05	4.63972e-05	0.00555458	0.686031	
7.17927e-07	1.8164e-06	0.000420197	0.298768	1.72094e-05	4.24799e-05	0.00508039	0.686762	
6.23272e-07	1.57486e-06	0.000365683	0.298805	1.57515e-05	3.88912e-05	0.00464669	0.687431	
5.41198e-07	1.36585e-06	0.00031824	0.298837	1.44162e-05	3.56036e-05	0.00425002	0.688043	
4.70014e-07	1.1849e-06	0.000276951	0.298865	1.31935e-05	3.25921e-05	0.00388722	0.688603	
4.08257e-07	1.02818e-06	0.000241018	0.298889	1.20739e-05	2.98336e-05	0.00355539	0.689115	
3.54668e-07	8.92391e-07	0.000209747	0.29891	1.10489e-05	2.73071e-05	0.0032519	0.689583	
3.08155e-07	7.74701e-07	0.000182532	0.298928	1.01104e-05	2.49933e-05	0.00297432	0.690011	
2.67777e-07	6.72662e-07	0.000158848	0.298944	9.25134e-06	2.28744e-05	0.00272043	0.690403	
2.32716e-07	5.84168e-07	0.000138237	0.298958	8.46497e-06	2.09342e-05	0.00248822	0.690761	
2.02268e-07	5.074e-07	0.0001203	0.29897	7.74521e-06	1.91578e-05	0.00227583	0.691089	
1.75821e-07	4.40788e-07	0.000104691	0.298981	7.08644e-06	1.75313e-05	0.00208157	0.691389	
1.52846e-07	3.82974e-07	9.11062e-05	0.29899	6.48353e-06	1.60423e-05	0.0019039	0.691663	
1.32884e-07	3.32785e-07	7.92843e-05	0.298998	5.93177e-06	1.46793e-05	0.00174139	0.691914	
1.15539e-07	2.89209e-07	6.89964e-05	0.299005	5.42685e-06	1.34317e-05	0.00159276	0.692143	
1.00464e-07	2.51365e-07	6.00433e-05	0.299011	4.96481e-06	1.22897e-05	0.00145681	0.692353	
8.73625e-08	2.18496e-07	5.22519e-05	0.299016	4.54202e-06	1.12444e-05	0.00133247	0.692545	
7.59739e-08	1.89943e-07	4.54715e-05	0.29902	4.15516e-06	1.02878e-05	0.00121874	0.69272	
6.60736e-08	1.65134e-07	3.95709e-05	0.299024	3.80119e-06	9.4124e-06	0.00111472	0.692881	
5.74664e-08	1.43578e-07	3.4436e-05	0.299028	3.47733e-06	8.61126e-06	0.00101957	0.693027	
4.99828e-08	1.24844e-07	2.99674e-05	0.299031	3.18102e-06	7.87815e-06	0.000932553	0.693162	
4.34756e-08	1.08562e-07	2.60786e-05	0.299034	2.90992e-06	7.20731e-06	0.000852959	0.693285	
3.78171e-08	9.44093e-08	2.26944e-05	0.299036	2.66189e-06	6.59349e-06	0.000780159	0.693397	
3.28962e-08	8.62186e-08	1.97494e-05	0.299038	2.43498e-06	6.03184e-06	0.000713573	0.6935	
2.86198e-08	7.79185e-08	1.71874e-05	0.29904	2.2274e-06	5.51795e-06	0.00065267	0.693594	
2.49016e-08	6.98627e-08	1.49583e-05	0.299041	2.03749e-06	5.04778e-06	0.000596965	0.69368	
2.16679e-08	6.22601e-08	1.30187e-05	0.299042	1.86376e-06	4.61761e-06	0.000546015	0.693758	
1.8855e-08	5.5223e-08	1.13309e-05	0.299043	1.70483e-06	4.22405e-06	0.000499413	0.69383	
1.64079e-08	4.87993e-08	9.86215e-06	0.299044	1.55944e-06	3.86399e-06	0.000456789	0.693896	
1.42788e-08	4.29959e-08	8.58392e-06	0.299045	1.42644e-06	3.53459e-06	0.000417803	0.693956	
1.24263e-08	3.77937e-08	7.47146e-06	0.299046	1.30478e-06	3.23324e-06	0.000382144	0.694011	
1.08143e-08	3.31586e-08	6.50324e-06	0.299047	1.19349e-06	2.95756e-06	0.000349529	0.694061	
9.41161e-09	2.90479e-08	5.66055e-06	0.299047	1.09168e-06	2.70537e-06	0.000319698	0.694107	
8.19099e-09	2.54158e-08	4.92709e-06	0.299048	9.9856e-07	2.47466e-06	0.000292412	0.69415	
7.12879e-09	2.22159e-08	4.2887e-06	0.299048	9.13376e-07	2.26361e-06	0.000267456	0.694188	
6.20441e-09	1.94035e-08	3.73304e-06	0.299049	8.35455e-07	2.07055e-06	0.000244629	0.694223	
5.39996e-09	1.69361e-08	3.24938e-06	0.299049	7.6418e-07	1.89395e-06	0.000223751	0.694256	
4.69987e-09	1.47747e-08	2.8284e-06	0.299049	6.98983e-07	1.7324e-06	0.000204654	0.694285	
4.09058e-09	1.28837e-08	2.46197e-06	0.299049	6.39346e-07	1.58462e-06	0.000187188	0.694312	
3.56031e-09	1.12309e-08	2.14301e-06	0.29905	5.84797e-07	1.44945e-06	0.000171212	0.694337	
3.09881e-09	9.78732e-09	1.86538e-06	0.29905	5.349e-07	1.3258e-06	0.000156599	0.694359	
2.69715e-09	8.52737e-09	1.62372e-06	0.29905	4.8926e-07	1.21269e-06	0.000143234	0.69438	
2.34757e-09	7.42825e-09	1.41337e-06	0.29905	4.47513e-07	1.10923e-06	0.000131009	0.694399	
2.04331e-09	6.46983e-09	1.23027e-06	0.29905	4.09327e-07	1.01459e-06	0.000119828	0.694416	
1.77849e-09	5.63438e-09	1.07089e-06	0.29905	3.74399e-07	9.28027e-07	0.000109601	0.694432	
1.54801e-09	4.90633e-09	9.32156e-07	0.29905	3.42451e-07	8.48846e-07	0.000100247	0.694446	
1.3474e-09	4.27202e-09	8.11398e-07	0.299051	3.13229e-07	7.76419e-07	9.16915e-05	0.694459	
1.17279e-09	3.71948e-09	7.06284e-07	0.299051	2.865e-07	7.1017e-07	8.38659e-05	0.694471	
1.02082e-09	3.23824e-09	6.14787e-07	0.299051	2.62052e-07	6.49573e-07	7.67083e-05	0.694482	
8.88537e-10	2.81914e-09	5.35143e-07	0.299051	2.39689e-07	5.94145e-07	7.01615e-05	0.694493	
