0.539962	0.205024	0.211694	0.010694	0.0117408	0.559975	0.209539	0.223046	0.0138426	0.014918	
0.539646	0.102809	0.24422	0.0516362	0.0310975	0.559667	0.105097	0.263792	0.0572469	0.0458557	
0.539228	0.0517897	0.214885	0.0937365	0.0568488	0.559267	0.0529817	0.240622	0.105023	0.0877834	
0.53879	0.0262856	0.169739	0.124472	0.0837112	0.558862	0.0269448	0.198045	0.144006	0.132925	
0.538368	0.0135056	0.126766	0.142164	0.109319	0.558486	0.0139101	0.154671	0.171081	0.177597	
0.537976	0.00707649	0.09161	0.148951	0.132727	0.55815	0.0073621	0.117229	0.187124	0.22014	
0.537617	0.00382172	0.064862	0.14782	0.153665	0.557856	0.00405351	0.0872606	0.194283	0.259888	
0.537291	0.00215698	0.0453295	0.141487	0.172177	0.557601	0.00236522	0.0642401	0.194825	0.296658	
0.536995	0.00129142	0.0314221	0.132075	0.188438	0.55738	0.00148943	0.0469832	0.190715	0.330492	
0.536727	0.000829741	0.0216797	0.12111	0.202669	0.557189	0.00102279	0.0342419	0.183512	0.361535	
0.536484	0.000573967	0.0149273	0.109629	0.215097	0.557024	0.000763595	0.0249245	0.174387	0.389974	
0.536263	0.000424633	0.0102793	0.0982969	0.225938	0.556881	0.000610782	0.018152	0.164193	0.416004	
0.536063	0.000331524	0.00709328	0.0875152	0.235388	0.556757	0.000513534	0.013247	0.153532	0.439818	
0.535881	0.000269095	0.004914	0.0775044	0.243623	0.55665	0.000446165	0.00970135	0.142818	0.461599	
0.535715	0.000224197	0.00342398	0.0683651	0.250797	0.556557	0.000395582	0.00713976	0.132327	0.481518	
0.535564	0.000189933	0.00240411	0.0601214	0.257046	0.556476	0.00035502	0.00528815	0.122237	0.499732	
0.535426	0.000162583	0.00170428	0.0527504	0.262488	0.556406	0.000320911	0.00394775	0.112655	0.516387	
0.5353	0.000140061	0.00122214	0.0462021	0.267228	0.556345	0.000291311	0.00297504	0.103639	0.531615	
0.535185	0.00012113	0.000888131	0.0404125	0.271356	0.556292	0.000265111	0.00226674	0.0952133	0.545539	
0.53508	0.00010501	0.00065508	0.0353123	0.274951	0.556246	0.000241641	0.00174865	0.0873793	0.55827	
0.534984	9.11711e-05	0.000491016	0.0308315	0.278082	0.556206	0.000220461	0.00136754	0.0801235	0.56991	
0.534896	7.9231e-05	0.000374272	0.0269031	0.280808	0.556171	0.000201262	0.00108523	0.0734231	0.580553	
0.534816	6.88967e-05	0.000290153	0.0234644	0.283182	0.556141	0.000183812	0.000874357	0.0672494	0.590284	
0.534743	5.99346e-05	0.000228677	0.020458	0.28525	0.556115	0.000167922	0.000715288	0.0615709	0.599181	
0.534676	5.21526e-05	0.000183044	0.0178319	0.287051	0.556092	0.000153436	0.000593933	0.0563548	0.607316	
0.534615	4.53896e-05	0.000148606	0.0155397	0.288619	0.556072	0.000140221	0.000500168	0.0515685	0.614754	
0.534559	3.95089e-05	0.000122172	0.0135399	0.289985	0.556055	0.000128157	0.00042671	0.04718	0.621554	
0.534508	3.43935e-05	0.000101536	0.011796	0.291174	0.55604	0.000117141	0.000368306	0.0431588	0.627771	
0.534461	2.99425e-05	8.51649e-05	0.0102757	0.29221	0.556027	0.000107079	0.000321158	0.0394759	0.633456	
0.534418	2.6069e-05	7.19806e-05	0.00895073	0.293112	0.556015	9.78853e-05	0.000282512	0.0361041	0.638653	
0.534379	2.26975e-05	6.12183e-05	0.00779616	0.293897	0.556005	8.94842e-05	0.000250362	0.0330181	0.643405	
0.534343	1.97627e-05	5.23283e-05	0.00679023	0.294581	0.555996	8.18066e-05	0.00022324	0.0301943	0.64775	
0.53431	1.72079e-05	4.49099e-05	0.00591389	0.295177	0.555988	7.47894e-05	0.000200064	0.0276108	0.651723	
0.53428	1.49836e-05	3.86666e-05	0.00515052	0.295696	0.555981	6.83753e-05	0.000180032	0.0252476	0.655355	
0.534253	1.30471e-05	3.33752e-05	0.0044856	0.296148	0.555975	6.25123e-05	0.000162543	0.0230861	0.658676	
0.534228	1.1361e-05	2.88649e-05	0.00390646	0.296541	0.55597	5.71527e-05	0.000147143	0.0211092	0.661712	
0.534205	9.89293e-06	2.50027e-05	0.00340205	0.296884	0.555966	5.2253e-05	0.000133483	0.0193013	0.664488	
0.534184	8.61464e-06	2.16833e-05	0.00296274	0.297182	0.555962	4.77738e-05	0.000121295	0.017648	0.667026	
0.534165	7.50157e-06	1.88221e-05	0.00258014	0.297442	0.555959	4.36787e-05	0.000110365	0.0161362	0.669347	
0.534148	6.53236e-06	1.63503e-05	0.00224694	0.297668	0.555956	3.99349e-05	0.000100525	0.0147538	0.671469	
0.534132	5.68841e-06	1.42111e-05	0.00195676	0.297865	0.555953	3.65121e-05	9.16378e-05	0.0134897	0.673409	
0.534117	4.95352e-06	1.23571e-05	0.00170405	0.298037	0.555951	3.33827e-05	8.35901e-05	0.0123339	0.675183	
0.534104	4.31358e-06	1.07486e-05	0.00148397	0.298186	0.555949	3.05216e-05	7.62877e-05	0.0112771	0.676805	
0.534092	3.75633e-06	9.3519e-06	0.00129231	0.298316	0.555947	2.79058e-05	6.96509e-05	0.0103108	0.678288	
0.534081	3.27108e-06	8.13833e-06	0.0011254	0.298429	0.555946	2.55142e-05	6.36112e-05	0.00942728	0.679644	
0.534071	2.84852e-06	7.08334e-06	0.00098005	0.298528	0.555945	2.33276e-05	5.81093e-05	0.00861945	0.680883	
0.534062	2.48055e-06	6.16585e-06	0.000853472	0.298614	0.555944	2.13284e-05	5.30934e-05	0.00788083	0.682016	
0.534054	2.16012e-06	5.3677e-06	0.000743242	0.298689	0.555943	1.95006e-05	4.85177e-05	0.0072055	0.683052	
0.534046	1.88109e-06	4.6732e-06	0.000647248	0.298754	0.555942	1.78294e-05	4.43415e-05	0.00658804	0.683999	
0.534039	1.6381e-06	4.06878e-06	0.000563652	0.298811	0.555941	1.63015e-05	4.05284e-05	0.00602349	0.684865	
0.534033	1.42651e-06	3.54269e-06	0.000490853	0.29886	0.55594	1.49045e-05	3.70459e-05	0.00550731	0.685657	
0.534027	1.24225e-06	3.08473e-06	0.000427456	0.298903	0.555939	1.36272e-05	3.38645e-05	0.00503536	0.686381	
0.534022	1.08179e-06	2.68604e-06	0.000372247	0.29894	0.555939	1.24594e-05	3.09576e-05	0.00460386	0.687043	
0.534017	9.42057e-07	2.33893e-06	0.000324169	0.298973	0.555939	1.13917e-05	2.83012e-05	0.00420933	0.687648	
0.534012	8.20375e-07	2.03671e-06	0.0002823	0.299001	0.555939	1.04154e-05	2.58735e-05	0.00384861	0.688201	
0.534008	7.1441e-07	1.77356e-06	0.000245839	0.299026	0.555939	9.52285e-06	2.36545e-05	0.0035188	0.688707	
0.534004	6.22133e-07	1.54443e-06	0.000214087	0.299048	0.555939	8.70678e-06	2.16261e-05	0.00321725	0.68917	
0.534001	5.41775e-07	1.34491e-06	0.000186436	0.299067	0.555939	7.96064e-06	1.97719e-05	0.00294155	0.689593	
0.533998	4.71797e-07	1.17117e-06	0.000162356	0.299083	0.555939	7.27844e-06	1.80769e-05	0.00268947	0.68998	
0.533995	4.10858e-07	1.01988e-06	0.000141387	0.299097	0.555939	6.65471e-06	1.65273e-05	0.00245899	0.690334	
0.533992	3.5779e-07	8.88137e-07	0.000123126	0.299109	0.555939	6.08442e-06	1.51107e-05	0.00224827	0.690657	
0.53399	3.11577e-07	7.73414e-07	0.000107223	0.29912	0.555939	5.56301e-06	1.38155e-05	0.0020556	0.690953	
0.533988	2.71333e-07	6.73512e-07	9.33744e-05	0.299129	0.555939	5.08628e-06	1.26314e-05	0.00187944	0.691223	
0.533986	2.36287e-07	5.86515e-07	8.13144e-05	0.299137	0.555939	4.6504e-06	1.15488e-05	0.00171838	0.69147	
0.533984	2.05768e-07	5.10757e-07	7.0812e-05	0.299144	0.555939	4.25188e-06	1.0559e-05	0.00157112	0.691696	
0.533982	1.79191e-07	4.44785e-07	6.16661e-05	0.29915	0.555939	3.88751e-06	9.65408e-06	0.00143648	0.691903	
0.53398	1.56046e-07	3.87335e-07	5.37015e-05	0.299155	0.555939	3.55436e-06	8.82673e-06	0.00131338	0.692092	
0.533979	1.35891e-07	3.37305e-07	4.67656e-05	0.29916	0.555939	3.24977e-06	8.07029e-06	0.00120083	0.692265	
0.533978	1.18339e-07	2.93737e-07	4.07255e-05	0.299164	0.555939	2.97128e-06	7.37868e-06	0.00109792	0.692423	
0.533977	1.03055e-07	2.55797e-07	3.54655e-05	0.299168	0.555939	2.71665e-06	6.74634e-06	0.00100383	0.692567	
0.533976	8.97445e-08	2.22758e-07	3.08849e-05	0.299171	0.555939	2.48384e-06	6.1682e-06	0.000917806	0.692699	
0.533975	7.81532e-08	1.93986e-07	2.68959e-05	0.299174	0.555939	2.27098e-06	5.6396e-06	0.000839154	0.69282	
0.533974	6.8059e-08	1.68931e-07	2.34221e-05	0.299176	0.555939	2.07637e-06	5.1563e-06	0.000767242	0.69293	
0.533973	5.92686e-08	1.47112e-07	2.0397e-05	0.299178	0.555939	1.89843e-06	4.71442e-06	0.000701493	0.693031	
0.533972	5.16136e-08	1.28111e-07	1.77626e-05	0.29918	0.555939	1.73574e-06	4.31041e-06	0.000641378	0.693123	
0.533971	4.49473e-08	1.11564e-07	1.54684e-05	0.299182	0.555939	1.58699e-06	3.94102e-06	0.000586415	0.693207	
0.53397	3.91419e-08	9.71546e-08	1.34705e-05	0.299183	0.555939	1.45099e-06	3.60328e-06	0.000536162	0.693284	
0.533969	3.40863e-08	8.88383e-08	1.17307e-05	0.299184	0.555939	1.32665e-06	3.29449e-06	0.000490215	0.693354	
0.533968	2.96894e-08	8.03813e-08	1.02164e-05	0.299185	0.555939	1.21296e-06	3.01216e-06	0.000448206	0.693418	
0.533967	2.58625e-08	7.21533e-08	8.89821e-06	0.299186	0.555939	1.10902e-06	2.75403e-06	0.000409797	0.693477	
0.533967	2.25303e-08	6.43737e-08	7.75053e-06	0.299187	0.555939	1.01398e-06	2.51802e-06	0.000374679	0.693531	
0.533967	1.96281e-08	5.7161e-08	6.75119e-06	0.299188	0.555939	9.27087e-07	2.30224e-06	0.000342571	0.69358	
0.533967	1.71002e-08	5.05676e-08	5.88092e-06	0.299189	0.555939	8.4764e-07	2.10495e-06	0.000313214	0.693625	
0.533967	1.4898e-08	4.46028e-08	5.12299e-06	0.29919	0.555939	7.75001e-07	1.92457e-06	0.000286373	0.693666	
0.533967	1.29796e-08	3.9249e-08	4.46285e-06	0.29919	0.555939	7.08587e-07	1.75964e-06	0.000261832	0.693704	
0.533967	1.13082e-08	3.44728e-08	3.88785e-06	0.29919	0.555939	6.47864e-07	1.60885e-06	0.000239394	0.693738	
0.533967	9.85209e-09	3.02318e-08	3.38699e-06	0.29919	0.555939	5.92345e-07	1.47098e-06	0.000218879	0.693769	
0.533967	8.58348e-09	2.64801e-08	2.9507e-06	0.29919	0.555939	5.41584e-07	1.34492e-06	0.000200122	0.693798	
0.533967	7.47824e-09	2.3171e-08	2.57063e-06	0.29919	0.555939	4.95172e-07	1.22967e-06	0.000182972	0.693824	
0.533967	6.51531e-09	2.02591e-08	2.23954e-06	0.29919	0.555939	4.52738e-07	1.12429e-06	0.000167292	0.693848	
0.533967	5.67638e-09	1.77016e-08	1.95111e-06	0.29919	0.555939	4.1394e-07	1.02794e-06	0.000152956	0.69387	
0.533967	4.94548e-09	1.54587e-08	1.69984e-06	0.29919	0.555939	3.78467e-07	9.3985e-07	0.000139848	0.69389	
0.533967	4.30869e-09	1.34942e-08	1.48093e-06	0.29919	0.555939	3.46034e-07	8.59309e-07	0.000127864	0.693908	
0.533967	3.75389e-09	1.17752e-08	1.29022e-06	0.29919	0.555939	3.1638e-07	7.8567e-07	0.000116907	0.693925	
0.533967	3.27053e-09	1.02722e-08	1.12407e-06	0.29919	0.555939	2.89268e-07	7.18341e-07	0.000106889	0.69394	
0.533967	2.84941e-09	8.95893e-09	9.79321e-07	0.29919	0.555939	2.6448e-07	6.56782e-07	9.7729e-05	0.693954	
0.533967	2.48251e-09	7.81206e-09	8.53213e-07	0.29919	0.555939	2.41816e-07	6.00499e-07	8.9354e-05	0.693967	
0.533967	2.16286e-09	6.81094e-09	7.43346e-07	0.29919	0.555939	2.21093e-07	5.4904e-07	8.16967e-05	0.693979	
0.533967	1.88437e-09	5.93736e-09	6.47627e-07	0.29919	0.555939	2.02146e-07	5.0199e-07	7.46956e-05	0.69399	
0.533967	1.64173e-09	5.17529e-09	5.64234e-07	0.29919	0.555939	1.84823e-07	4.58972e-07	6.82945e-05	0.694	
